1 1 500 USD
2 16 270 GBP
10202 9 150 YEN
2020 2 20 EUR
19400 20 2 IUY
14000 11 2 RCB
1400 10 3 RWZ
9000 8 4 WVZ
19200 17 4 UYJ
2200 2 1 THY
16400 8 4 UJS
14000 2 3 UTY
13600 2 4 YUH
7700 10 2 INU
10600 10 2 XEZ
5800 9 2 WXE
7000 4 4 DAC
4200 16 5 VAD
12400 11 4 RBV
11700 6 4 WOP
13400 9 1 YIJ
19300 15 5 NIS
800 16 5 IYJ
7700 5 1 HYI
16400 6 5 EBD
7900 16 3 WFO
12200 14 5 APS
10800 7 3 AOK
7200 20 5 ACN
3000 2 5 ANC
16600 12 5 ANF
19100 3 3 ANU
16700 4 5 ANJ
9600 12 4 UIN
19800 15 5 COS
13900 20 4 NFW
9400 6 2 MEO
18700 16 3 SJG
6800 13 4 WCR
4300 11 1 WCJ
3500 10 3 AOC
19900 20 4 HPF
3400 15 3 PGS
2700 18 4 GPL
11900 8 3 XEF
14100 5 4 JSF
17100 19 4 RNT
17100 11 5 XVD
1100 13 4 RTN
2700 5 4 APO
2000 11 4 VOD
11000 12 5 SNE
17500 6 3 FAO
10300 18 5 NTY
1200 3 1 HMK
9700 14 3 ERT
17200 3 4 BOJ
19400 7 5 XDS
6800 4 5 UDF
13300 2 1 BFR
11500 12 2 BPO
16700 10 5 TBD
12100 13 5 ERD
16000 16 1 OIA
11900 16 4 UNI
4100 6 5 BHJ
18600 10 4 FAJ
7600 7 3 AFK
15300 20 5 CPS
19200 10 4 VNJ
19000 20 4 ACM
7900 8 5 AVJ
8600 8 4 CAO
300 6 2 EMN
11600 6 1 ACK
11000 9 1 AHE
12000 7 2 VIF
17800 5 1 AEN
400 11 5 VIF
8200 5 3 ENA
18600 18 2 VIF
13000 7 3 RJF
15400 14 1 AVJ
17100 12 5 AJR
19300 3 3 AHR
9800 5 1 IBV
9700 16 4 ENS
9800 3 4 TNG
16400 10 5 BUF
17700 18 3 ENF
14100 9 2 SUD
5700 1 2 UHY
8400 16 4 TGH
300 15 2 UYH
14500 12 3 YJH
14800 3 3 YHF
7900 9 1 OIJ
11300 17 2 EDF
6900 5 3 NKJ
1000 17 1 MOI
13100 16 1 RDT
10600 5 4 CAW
14000 8 3 LIJ
12400 19 2 AXW